-118.14881657170206 33.84943146499296 0 1
-118.200291194528 33.890633122228806 1 1
-118.18448508811986 33.80874810727743 2 1
-118.16900392279794 33.887505477061644 3 1
-118.20679899357944 33.86053658794246 4 1
-118.19005205061764 33.842475809083254 5 1
-118.17732275400058 33.872190453554936 6 1
-118.15159916076162 33.84956902549074 7 1
-118.21132562577469 33.859610261758434 8 1
-118.16078549742329 33.86412920861992 9 1
-118.18408578560215 33.80423260708061 10 1
-118.15741924128595 33.88521794180273 11 1
-118.2015052701347 33.80584936258997 12 1
-118.14443518030342 33.85876712729384 13 1
-118.17470056660048 33.82197598253474 14 1
-118.1822747689242 33.81070758561824 15 1
-118.20471642191204 33.79579262195159 16 1
-118.14289640529414 33.87691140559724 17 1
-118.17871677403879 33.82767049491771 18 1
-118.20158606244343 33.80835889289387 19 1
-118.20203853143735 33.87773855098753 20 1
-118.18909204607424 33.84808145123588 21 1
-118.20648402686277 33.86707029803445 22 1
-118.17751912141807 33.787833563798635 23 1
-118.19823917995508 33.812962871957296 24 1
-118.20242637284834 33.81217303853167 25 1
-118.15298026189829 33.82515972245932 26 1
-118.18698419159591 33.86989883059577 27 1
-118.172499208988 33.890518869023325 28 1
-118.17915683739751 33.795117029205855 29 1
-118.18746560806495 33.86357040339602 30 1
-118.1654301834947 33.800321383202814 31 1
-118.13206456334109 33.82986342060082 32 1
-118.15420559548755 33.8589514332727 33 1
-118.20882296312072 33.83287691836708 34 1
-118.15614061718313 33.83141237005913 35 1
-118.16863663148615 33.894316944544435 36 1
-118.14962663097003 33.80441128379231 37 1
-118.1667933252622 33.87291692647463 38 1
-118.161923940051 33.888469150530966 39 1
-118.13595049180736 33.79874692292994 40 1
-118.149175130473 33.806430095782126 41 1
-118.18962277391316 33.829643744046585 42 1
-118.21089999506641 33.81950833130828 43 1
-118.18461206619722 33.859801545397865 44 1
-118.16298940103985 33.880806226354714 45 1
-118.19609270767928 33.84715926300116 46 1
-118.15161245466888 33.833773206826216 47 1
-118.19195998112595 33.856416518635896 48 1
-118.15150619501655 33.827568095892175 49 1
-118.14430425836521 33.844400874140575 50 1
-118.1454506262962 33.84291153506144 51 1
-118.17788943163956 33.83104294580175 52 1
-118.13313556492467 33.849481541376576 53 1
-118.13545303536414 33.89592899964479 54 1
-118.15349789721876 33.87647035610937 55 1
-118.19936220248287 33.808085171107614 56 1
-118.13931156452713 33.807952374880564 57 1
-118.128376708463 33.84299224899363 58 1
-118.1406689282349 33.80176380746757 59 1
-118.16053359853754 33.79799246149869 60 1
-118.19868656482392 33.78748810395716 61 1
-118.2063542023772 33.83682128147557 62 1
-118.20776430903528 33.87524575528863 63 1
-118.16552358937685 33.80587018005793 64 1
-118.14152766426464 33.88469080341853 65 1
-118.13844709470159 33.884703029311574 66 1
-118.18476402150169 33.871809977795486 67 1
-118.1828537740312 33.851346813346964 68 1
-118.14081195440708 33.86754742345342 69 1
-118.17313765566713 33.87494544618378 70 1
-118.1811228392206 33.89654779808857 71 1
-118.15379098782034 33.803784979375536 72 1
-118.19285440364187 33.84895294361996 73 1
-118.13780202727123 33.809946678492324 74 1
-118.17846771252307 33.860400223275725 75 1
-118.16413467952341 33.80816215946606 76 1
-118.14785110548141 33.8652166797257 77 1
-118.20627872562862 33.809559393663605 78 1
-118.14285506781506 33.795162852202964 79 1
-118.2065515653077 33.88415350487841 80 1
-118.2045651157588 33.873850964365076 81 1
-118.19684403642063 33.84749053240139 82 1
-118.16457107571804 33.8350259750805 83 1
-118.20649422555904 33.788394109928305 84 1
-118.19704301670411 33.880742593278946 85 1
-118.16700181811485 33.8411801894291 86 1
-118.18737708932623 33.8386045194909 87 1
-118.16924888431654 33.84376301241491 88 1
-118.20786568239728 33.85939499686767 89 1
-118.19369498006316 33.794902236715366 90 1
-118.15746190987622 33.82540959426982 91 1
-118.15304143141277 33.841928292127015 92 1
-118.1326112284858 33.864908230927576 93 1
-118.20348844333813 33.79225358480466 94 1
-118.19788094817743 33.85244431800632 95 1
-118.14206725785007 33.821853232452824 96 1
-118.16364037543322 33.8646290869517 97 1
-118.20955028669584 33.81340099190622 98 1
-118.15432511101729 33.85757142554936 99 1
-117.94102461542984 33.855698107294764 0 2
-117.88740223625445 33.82066463319818 1 2
-117.93053247694712 33.818558171889904 2 2
-117.94494580949736 33.82437304260501 3 2
-117.88415503427048 33.85896300957437 4 2
-117.8900363801917 33.81382208018148 5 2
-117.90971411536958 33.815311634920754 6 2
-117.8621038982211 33.85920044848752 7 2
-117.88333034381188 33.78944210684648 8 2
-117.9405263239094 33.852867401663104 9 2
-117.89920387318126 33.87187364519717 10 2
-117.94537276766943 33.81009024980698 11 2
-117.88798413052349 33.79487088214609 12 2
-117.8690292282832 33.82902352865518 13 2
-117.87075909668272 33.87737943195401 14 2
-117.93495805653481 33.81642232160983 15 2
-117.87429429035471 33.814725841603284 16 2
-117.89015917704045 33.827803019754356 17 2
-117.94131247126984 33.82685226690981 18 2
-117.864712817703 33.884874015425545 19 2
-117.9002072848812 33.89617341485333 20 2
-117.93792347502745 33.83974609270156 21 2
-117.89777371156082 33.846942032927394 22 2
-117.8779056802922 33.815847648281604 23 2
-117.92466692960043 33.87748388355753 24 2
-117.93561917048577 33.856837569969684 25 2
-117.93831349931514 33.821542818853075 26 2
-117.94225078057535 33.80612293731819 27 2
-117.94269551273634 33.8236367098785 28 2
-117.90787688503693 33.89575586508161 29 2
-117.90239726422277 33.86230444462495 30 2
-117.9264441276863 33.796015723014285 31 2
-117.86119520965624 33.83555765956838 32 2
-117.87411005991741 33.82432037578959 33 2
-117.88453196154569 33.87844353367957 34 2
-117.89312214255304 33.79767809984705 35 2
-117.92566392770293 33.81856665358604 36 2
-117.88835504176369 33.85374684188895 37 2
-117.90572684229372 33.799353898831285 38 2
-117.86318046656662 33.888383410174754 39 2
-117.89314097354307 33.84902303358543 40 2
-117.89473742432749 33.82272831773018 41 2
-117.86051658525835 33.86752983775027 42 2
-117.93279478254827 33.85022498828364 43 2
-117.943828481937 33.802935783683125 44 2
-117.94912371499962 33.814840836472996 45 2
-117.89165238153916 33.82826232463005 46 2
-117.8580966007764 33.821103112489965 47 2
-117.9228679795867 33.858729575092106 48 2
-117.87149943765054 33.82477333631705 49 2
-117.88074694010679 33.856521496611855 50 2
-117.8743242232302 33.80989072613065 51 2
-117.94204510621564 33.83900013506053 52 2
-117.90171596745935 33.842724689269964 53 2
-117.85838440851495 33.799562857959174 54 2
-117.87895970306374 33.79079395381866 55 2
-117.89186729547579 33.82797193446396 56 2
-117.8597377891497 33.79692793740766 57 2
-117.86612512611636 33.85373592828975 58 2
-117.9368923625153 33.8033481001901 59 2
-117.93706435541992 33.82041758456827 60 2
-117.86149035427157 33.84396749447378 61 2
-117.92218667176864 33.86984095110499 62 2
-117.85929613383291 33.83090647669475 63 2
-117.93915600729065 33.88701498564871 64 2
-117.874487629945 33.812309719070804 65 2
-117.88072355830414 33.824835578692664 66 2
-117.87078038437932 33.898651600972016 67 2
-117.88787898570536 33.88283793864545 68 2
-117.85838902269852 33.808152571585104 69 2
-117.91313557429156 33.82404996669691 70 2
-117.86154795985595 33.90117071652425 71 2
-117.94338838199894 33.851350982710784 72 2
-117.92669613933865 33.84762081095368 73 2
-117.8798318191325 33.787435014162234 74 2
-117.90810822141952 33.826906949015346 75 2
-117.94247546114536 33.842728325555626 76 2
-117.86244672962486 33.864447737852736 77 2
-117.87067546530656 33.83805506419456 78 2
-117.9047804958082 33.80386895905196 79 2
-117.86988600439804 33.87768091462329 80 2
-117.89501793796057 33.83138971031527 81 2
-117.86311083913245 33.82945777600285 82 2
-117.90736848730032 33.892957466781304 83 2
-117.88833477007758 33.89291969768365 84 2
-117.87259352469678 33.87828891367589 85 2
-117.87500295842956 33.819451498049176 86 2
-117.87604754504999 33.893320636749536 87 2
-117.86965147762035 33.85796933546811 88 2
-117.88970211912294 33.86225649412361 89 2
-117.91906956381857 33.885533301295744 90 2
-117.9320879561913 33.84428759900192 91 2
-117.90309247676949 33.82006135030207 92 2
-117.87806827468285 33.79284000516417 93 2
-117.91166862652635 33.88169648978876 94 2
-117.87153121285142 33.893408730840356 95 2
-117.93353405672484 33.844037575925626 96 2
-117.92349099036764 33.887479982465955 97 2
-117.94722747233392 33.849007061646574 98 2
-117.88084999964892 33.85414441370087 99 2   
-118.0007087284588 33.948014141487576 0 3
-118.04116907303907 33.919684353499434 1 3
-118.06779637279254 33.967865399863804 2 3
-118.04301414350256 33.99374429366345 3 3
-117.9896456821105 33.95148772815194 4 3
-117.98162450213829 33.93218873059641 5 3
-117.99571980001065 33.9464656764055 6 3
-118.00065885161631 33.987560787934214 7 3
-117.97984425337336 33.94687416278068 8 3
-118.08359179819948 34.000522629057805 9 3
-118.00114929241259 33.98379891649794 10 3
-118.00646596852535 33.93195679557725 11 3
-117.9800001722633 33.992558890421904 12 3
-118.03438907656552 33.92418295630903 13 3
-118.07283178486244 33.92645678299489 14 3
-118.0172037985762 33.90242667990157 15 3
-118.02466651706604 33.94499871205621 16 3
-118.01037964823568 33.9402957949692 17 3
-118.09374044604212 34.00173184664979 18 3
-118.07222680154152 33.912498470129854 19 3
-118.06456095365068 33.94164015763609 20 3
-118.03163781487005 33.99849013221791 21 3
-118.07976147858982 33.9569410952051 22 3
-118.00289254780657 33.932259043678485 23 3
-118.00997751993134 33.973703207197644 24 3
-117.999829195261 33.983367155939156 25 3
-118.00853840137829 33.994193338766635 26 3
-117.99587829698336 33.94723654648712 27 3
-118.06288560726992 34.00779154610254 28 3
-118.07804197560414 33.96775238587027 29 3
-118.06548724162715 33.97400738989179 30 3
-118.07111939871862 33.91955661151309 31 3
-117.9911669823974 34.006981901016296 32 3
-117.98554373959207 33.91462982225507 33 3
-117.98408131718784 33.965640883208565 34 3
-118.04386942523128 33.94961058178266 35 3
-117.97902054103304 33.97614220461681 36 3
-118.02970847680434 33.93477900586839 37 3
-118.02096441233057 33.95430388911674 38 3
-118.05050441190636 33.96004615841343 39 3
-118.02164397330841 33.940661377911724 40 3
-118.03963931469495 33.99615978694461 41 3
-118.07591696686407 33.921179788685535 42 3
-118.06952927967859 33.936863193190234 43 3
-117.97682958288254 33.98770184511007 44 3
-118.00483569723008 33.975250379713714 45 3
-118.03098376111456 34.00541569959593 46 3
-117.9739977252557 33.9923493746217 47 3
-118.03395891122145 33.96602310524351 48 3
-118.04614963769396 33.949736411637105 49 3
-118.04606209431542 33.956214346195196 50 3
-118.0175053881364 33.940797461407385 51 3
-118.03670669367732 33.97999729309001 52 3
-118.000192260188 33.91208313840838 53 3
-118.01698434490964 33.98107755919365 54 3
-118.06800802630676 33.955124206506056 55 3
-118.01913412557688 34.00539388571622 56 3
-118.02873314152794 33.98078597680915 57 3
-118.05506806142168 33.97535247399835 58 3
-117.98096929740449 33.964279208416144 59 3
-118.00920559035198 33.90836827495009 60 3
-118.01673361719696 33.9694151990362 61 3
-117.98254444247576 33.99868442230516 62 3
-118.03776341762102 33.9293886775547 63 3
-118.00593616498276 33.93125580785305 64 3
-118.044982895815 33.916886724970844 65 3
-117.99360589519549 33.99000194550289 66 3
-118.0817910427035 33.95290960787337 67 3
-118.07698242289216 33.93348042864493 68 3
-118.0423471184235 33.913600752405856 69 3
-118.0835248079932 34.001522119487525 70 3
-118.072454349354 33.92554269102653 71 3
-118.03682894918444 33.98089223394973 72 3
-117.97662708835426 33.93995914191237 73 3
-117.97930866659412 33.970152953290764 74 3
-118.04031258478943 33.962579471891075 75 3
-118.04567334359085 33.98449229161679 76 3
-118.02887638258095 33.94478389730587 77 3
-118.05163849544769 33.97829895460424 78 3
-118.00904978258056 34.00374007970755 79 3
-118.06915587115648 33.96771451876977 80 3
-118.02820007650871 33.98524198155743 81 3
-118.06561610524712 33.90832238215568 82 3
-118.05230326848698 33.96817549038889 83 3
-118.08456879022884 34.00031307061185 84 3
-118.0497925907059 33.963835943766874 85 3
-118.083829235069 33.97835297725553 86 3
-118.08102115793292 33.97137195165283 87 3
-118.09076604844375 33.958291596982754 88 3
-118.09307041640136 33.933996089442736 89 3
-118.05977495200932 33.9553568779536 90 3
-118.03384138523614 33.902421590195644 91 3
-118.00192875013164 33.93624542872667 92 3
-117.99614551076051 33.98905515963604 93 3
-117.99384593484602 33.99936207547332 94 3
-118.02720729946905 33.94650838978196 95 3
-118.03195177069244 33.90290495948508 96 3
-118.07583509481537 33.996426208999736 97 3
-118.05647922164336 34.00696774872229 98 3
-118.02292776164093 33.92887017774202 99 3   
-117.88758323732658 33.931994752415235 0 4
-117.85784553159868 33.93598107246657 1 4
-117.91885859917367 33.944731260149496 2 4
-117.91221013894695 34.007341399621396 3 4
-117.88798912434706 33.97555885505209 4 4
-117.9235151855062 33.945335992100766 5 4
-117.94054427490005 33.986660727645734 6 4
-117.93402204253124 33.96272909411972 7 4
-117.93081284299322 33.9248341794064 8 4
-117.95138224995888 33.99651076338988 9 4
-117.87661685073952 33.989510679560176 10 4
-117.86528722445792 33.960333902534146 11 4
-117.93263754188978 33.89844755594521 12 4
-117.93874624621176 33.92921754110307 13 4
-117.96809340710905 33.99183431184411 14 4
-117.965029231819 33.993918158027874 15 4
-117.86474551763055 33.90476483452241 16 4
-117.91778763954856 33.97103748670626 17 4
-117.9263410826658 33.95054791221785 18 4
-117.8823389171915 33.908466574386914 19 4
-117.93998106098888 33.941578735379466 20 4
-117.96303318545158 33.921083648322956 21 4
-117.93034734177357 33.99612184676462 22 4
-117.94380758851284 33.986911429000784 23 4
-117.88807022052872 33.97211078788979 24 4
-117.85825588094762 33.986997055613394 25 4
-117.92089971678793 33.90715094719811 26 4
-117.87770773091177 33.908887994415075 27 4
-117.87220496906349 33.98572778473557 28 4
-117.86999425555193 33.9125043880266 29 4
-117.9476077383168 33.98088994013697 30 4
-117.91732653620038 33.94385013248462 31 4
-117.8954959813608 33.99702178155951 32 4
-117.94979066881365 33.959023798659764 33 4
-117.96598072335571 33.90836159095626 34 4
-117.92446933105043 33.98779931395323 35 4
-117.91957495364849 33.982566444839506 36 4
-117.96775381389857 33.95535011706897 37 4
-117.96036174138769 33.97839277676969 38 4
-117.95813254296036 33.93231183674244 39 4
-117.91239661329664 33.98155226995531 40 4
-117.88635327800137 33.96021352940222 41 4
-117.9270415367786 33.948637824140924 42 4
-117.92745569232704 33.999806950312845 43 4
-117.93611467000255 34.00173812242757 44 4
-117.92360370504879 33.95655973203418 45 4
-117.94162323526785 33.960256842064965 46 4
-117.86403020792123 33.99038259771263 47 4
-117.90922432443372 33.917363250845824 48 4
-117.97410421258728 33.921273944160106 49 4
-117.94468650957728 33.902855507896426 50 4
-117.88630567499399 33.916114477325394 51 4
-117.86297890844679 33.952023284571325 52 4
-117.90663674296404 33.95903465386016 53 4
-117.9102042732736 33.99675633518131 54 4
-117.86474056240148 33.95116786453199 55 4
-117.95665436692816 34.00571925682038 56 4
-117.93077882046431 33.91626693813583 57 4
-117.93171198636448 33.930186440621824 58 4
-117.86297657146437 33.92405313327468 59 4
-117.94395394899678 33.92764189912979 60 4
-117.93002315451818 33.961411140838514 61 4
-117.86331061858442 33.98619020674657 62 4
-117.86704193585587 33.96573448236627 63 4
-117.96443154143313 33.972682262861255 64 4
-117.8675303346254 34.006554555841376 65 4
-117.89481694590151 33.955729021705864 66 4
-117.86170016568826 34.006810270633785 67 4
-117.92067812109968 33.99083755027747 68 4
-117.86676925888254 34.00787555308336 69 4
-117.91661933247488 33.93509137778913 70 4
-117.90220362153921 33.93534203937553 71 4
-117.91902531491735 33.990076749151626 72 4
-117.90182874740299 33.99763368778471 73 4
-117.90281224680338 33.95657748405804 74 4
-117.92570000544326 33.97369649326106 75 4
-117.85797747575843 33.969681676635474 76 4
-117.89508226713221 33.931164910729215 77 4
-117.94426383057535 34.00371046050837 78 4
-117.94031116613328 33.89721721308881 79 4
-117.90636009100409 33.98112525003814 80 4
-117.9716520035069 33.92218610431275 81 4
-117.89323530259232 33.91801686198714 82 4
-117.94036798075102 34.00574585769292 83 4
-117.96242177394743 33.98001599096796 84 4
-117.94077014294407 33.97183699390695 85 4
-117.9585316068745 33.94973036968834 86 4
-117.96386300355994 33.92992032029755 87 4
-117.92103124828891 33.898804416362765 88 4
-117.85766017717516 33.99060720331101 89 4
-117.97058122863932 33.913207220246676 90 4
-117.93906872868135 33.903965002900016 91 4
-117.96649000702715 33.911556769544156 92 4
-117.87725133206848 33.927323773483984 93 4
-117.89538695927068 33.95134029071469 94 4
-117.8913192674367 33.942618382089485 95 4
-117.89657834754166 33.900417674994266 96 4
-117.95965154571958 33.90870465838368 97 4
-117.89274154456726 33.980378600093196 98 4
-117.94344298306022 33.90216293506137 99 4   
-118.06762631378308 33.81237824635033 0 5
-118.08263773858336 33.814717547457384 1 5
-118.08585355137966 33.83302999661568 2 5
-118.08267708215271 33.8812387300664 3 5
-118.11249337840488 33.8235151960311 4 5
-118.0987480308137 33.82605830162733 5 5
-118.10756839331256 33.89758062893412 6 5
-118.0725234047072 33.819000030640176 7 5
-118.079983881198 33.83682724626524 8 5
-118.1231853393718 33.8556111180046 9 5
-118.05287876591423 33.82821632679508 10 5
-118.10892154645235 33.90069036945189 11 5
-118.07854416901951 33.87212129148289 12 5
-118.11664629673508 33.80861186600236 13 5
-118.05451700987615 33.8853647450193 14 5
-118.10840153502062 33.825289087780874 15 5
-118.05072921317705 33.89186170804481 16 5
-118.12216440285104 33.84433054206002 17 5
-118.06781194243428 33.81789602443892 18 5
-118.06646225155414 33.82932020947381 19 5
-118.04523529682764 33.864509433233216 20 5
-118.11282310457656 33.885317330400234 21 5
-118.06816198446705 33.803758253647764 22 5
-118.05386611572227 33.854104982223895 23 5
-118.05882719798599 33.8168512872159 24 5
-118.12292654886608 33.80120373067161 25 5
-118.05504818326271 33.81851768864269 26 5
-118.0897254538008 33.89218152406716 27 5
-118.04226823811376 33.80730082171083 28 5
-118.07485270549613 33.79087290800815 29 5
-118.04304007766363 33.8119769882275 30 5
-118.12086022934498 33.882385994094605 31 5
-118.11386825560776 33.85339834285829 32 5
-118.07590681623013 33.83072973328885 33 5
-118.10417641056385 33.845949413544105 34 5
-118.05874226645516 33.823826865361426 35 5
-118.118945701912 33.82677837200536 36 5
-118.04425529527548 33.84019348122135 37 5
-118.06786411811441 33.82372868063207 38 5
-118.12205383287191 33.83201834303323 39 5
-118.07313714488986 33.898033358681005 40 5
-118.085201767187 33.85315032057351 41 5
-118.12661412153685 33.84762494412674 42 5
-118.06878846995514 33.84239666828305 43 5
-118.04989418445685 33.89216282461294 44 5
-118.07941943287399 33.84478144757363 45 5
-118.09373365267105 33.91684835369269 46 5
-118.05343070259308 33.84893240296672 47 5
-118.06560609419651 33.843183890483196 48 5
-118.0910694517632 33.83417831729824 49 5
-118.09070992872593 33.86697457928796 50 5
-118.04729068107781 33.86441489394702 51 5
-118.10651262320556 33.803580436205614 52 5
-118.11502341870413 33.79914048686259 53 5
-118.0961792472232 33.87731596121605 54 5
-118.12247002923996 33.813264096767995 55 5
-118.10198234018023 33.88692444776332 56 5
-118.0561945608333 33.812765408961376 57 5
-118.05783867484907 33.883292613189795 58 5
-118.09797739300065 33.90560758737754 59 5
-118.06272144387795 33.79404337335012 60 5
-118.09732041340624 33.8608959084484 61 5
-118.10681406923428 33.804996191891625 62 5
-118.05730861346157 33.788359640882256 63 5
-118.07431932852506 33.85469152404405 64 5
-118.11374687266621 33.87882757874232 65 5
-118.04344862520549 33.79619118507133 66 5
-118.12279011172994 33.851783938429946 67 5
-118.08774428456677 33.810350139454854 68 5
-118.07497386102777 33.804297395310265 69 5
-118.05569532857778 33.838936590619824 70 5
-118.04323357653416 33.84973807788205 71 5
-118.09796049701427 33.86884516412573 72 5
-118.10898399265876 33.86935314422322 73 5
-118.06819846208263 33.80033677274295 74 5
-118.10870007977269 33.88841167252893 75 5
-118.10943036971807 33.873582140204256 76 5
-118.05396835800128 33.844269074364945 77 5
-118.08915211380871 33.91004690861033 78 5
-118.11943852778786 33.88049831269604 79 5
-118.05359353115992 33.839686033935536 80 5
-118.1297402011816 33.89001469292185 81 5
-118.06673911418808 33.78717170448465 82 5
-118.12173491480979 33.8741719552601 83 5
-118.08505997752407 33.84534138745879 84 5
-118.0987433025282 33.833429081368514 85 5
-118.06921134578742 33.86009017528731 86 5
-118.12488620488732 33.821237028345365 87 5
-118.06562144309773 33.80489938797582 88 5
-118.10813065874504 33.884864120221074 89 5
-118.07145850494369 33.86836950558572 90 5
-118.10156525686254 33.83508058382623 91 5
-118.04787061460777 33.8121570660356 92 5
-118.0572310113375 33.80298870847145 93 5
-118.12474048825015 33.863459580868394 94 5
-118.06347001322014 33.883650672524645 95 5
-118.06124178707569 33.83311083968504 96 5
-118.11068672148608 33.860687251169374 97 5
-118.065364226269 33.80729599378203 98 5
-118.08411333868118 33.87074750605712 99 5   
-118.1714337562174 33.97961490212521 0 6
-118.16065453657995 33.914524399866316 1 6
-118.18213522176808 33.91961539041821 2 6
-118.09589517927256 33.932123000571096 3 6
-118.17741888170255 33.96577652287246 4 6
-118.21019074024991 33.94920508238288 5 6
-118.14526459260672 33.99037347000765 6 6
-118.20459012838474 33.90914705411313 7 6
-118.17788549390592 33.907393054928065 8 6
-118.09666400778572 33.91862186814886 9 6
-118.168743389896 33.9307048882082 10 6
-118.18765891899824 33.95675181663401 11 6
-118.1431289055529 33.96439801257793 12 6
-118.09650040211578 34.00420192926749 13 6
-118.19995150770605 33.97850824655497 14 6
-118.18857190662214 33.9838432398957 15 6
-118.13170371001759 33.90156820812114 16 6
-118.1233484325198 33.93033388644705 17 6
-118.2059573423524 33.91899838158794 18 6
-118.13624903608023 33.962534516055364 19 6
-118.20176762537868 33.942313377032754 20 6
-118.15417140807934 33.990726675115994 21 6
-118.20768159589994 33.954519690333754 22 6
-118.09389082771915 33.93240646105838 23 6
-118.15660837750174 33.92979762322268 24 6
-118.10953542995593 33.92541560954829 25 6
-118.18179927894572 33.97941360560346 26 6
-118.11901860903437 34.007105153888354 27 6
-118.18816667844177 33.946684395954165 28 6
-118.16012131495391 33.999054636611966 29 6
-118.20063615830296 33.94034498385265 30 6
-118.17718469833264 34.005573198053945 31 6
-118.19977407702257 33.93648062726029 32 6
-118.20129420457216 33.91191494991377 33 6
-118.18635948078672 33.97040374856074 34 6
-118.14144299699608 33.93591304553745 35 6
-118.14355952263156 33.92552957592941 36 6
-118.20098868892343 33.97632621521033 37 6
-118.10071072380705 33.933842137348165 38 6
-118.13691820506568 33.98808152094568 39 6
-118.21126823953293 33.940887872332944 40 6
-118.13787068011592 33.96506820884321 41 6
-118.19487366570395 33.996322740672014 42 6
-118.17495468424038 33.92335472669327 43 6
-118.10080033710743 33.99711437611241 44 6
-118.16302082162865 33.955148535643445 45 6
-118.12264554049185 33.916959966394515 46 6
-118.11026199299828 33.98334446945397 47 6
-118.12443175152329 33.98233446685297 48 6
-118.12918728444308 33.973260864659856 49 6
-118.1088745544657 33.99485481486003 50 6
-118.14601376547931 33.97622980185025 51 6
-118.18460629039234 34.00530229191212 52 6
-118.10832249725505 33.99039482362861 53 6
-118.10970784326159 34.000360770336854 54 6
-118.1108616585973 33.96945900406033 55 6
-118.18413135676519 33.97798581161041 56 6
-118.20421302486551 33.930351775078485 57 6
-118.09450737193104 33.969079251215184 58 6
-118.12851608305719 33.92558123300631 59 6
-118.14833248582056 33.99316144985045 60 6
-118.13738270930979 33.94815115264734 61 6
-118.12984468782446 33.96701196041242 62 6
-118.17640193671929 33.905555079006014 63 6
-118.1906038691992 33.9975304591707 64 6
-118.17727048823895 33.98140956909513 65 6
-118.18037623823645 33.90692854187209 66 6
-118.17200872404119 33.931374495950166 67 6
-118.12919937630024 33.92768936508564 68 6
-118.15749076781587 33.93789727266575 69 6
-118.209856350818 33.91711083278789 70 6
-118.10603428158122 33.957992882442234 71 6
-118.12418968497505 33.998738450044264 72 6
-118.12307655646164 33.947396514790746 73 6
-118.09824807367632 33.93843780743968 74 6
-118.16736794951694 33.95464223394064 75 6
-118.1704901266897 33.94167627835141 76 6
-118.19417171996895 33.92262387781853 77 6
-118.16726934949189 33.99489241311949 78 6
-118.15423334835829 34.00723132761084 79 6
-118.12476872873074 33.93661662222   80 6
-118.18714355175604 33.92869758593845 81 6
-118.1189465938204 33.98109610084519 82 6
-118.11032258094471 33.96785813520856 83 6
-118.18492228033979 33.96627065574454 84 6
-118.175276224646 33.964657867652384 85 6
-118.1480851257328 33.999289126511265 86 6
-118.17247169841801 34.008142952923315 87 6
-118.15717823310021 33.97062635572487 88 6
-118.17972844410131 33.94921902953866 89 6
-118.17948898221441 33.95320019215434 90 6
-118.19886968906769 33.95927860957349 91 6
-118.16001281167446 33.98445803775765 92 6
-118.15176755624464 33.95262700424313 93 6
-118.10901313399349 33.92166408989014 94 6
-118.13954159520829 33.97215974254616 95 6
-118.15166392109569 33.97236042389717 96 6
-118.15408752193017 33.96759604990944 97 6
-118.20164182985258 33.998974706937844 98 6
-118.20281082009464 33.99953632716218 99 6   
-117.96428450752522 33.83693586944722 0 7
-117.97808390816998 33.82856907355947 1 7
-117.9888311274749 33.80612817000606 2 7
-117.94963949747499 33.87215420403217 3 7
-117.95297043733478 33.81348045576201 4 7
-117.96620778363192 33.85106307199441 5 7
-118.00894592431234 33.90382777945572 6 7
-118.03217830309792 33.835745948934175 7 7
-118.00032767279251 33.84679758869799 8 7
-118.00080953088008 33.86396427506857 9 7
-118.02603419539874 33.81628723488193 10 7
-118.02930226868324 33.892030183209194 11 7
-117.99562880101429 33.88970281305667 12 7
-117.9554212112194 33.83221902534877 13 7
-117.96937447405544 33.84721836947775 14 7
-118.02922578109673 33.838051462963165 15 7
-117.98365439541536 33.81150047478009 16 7
-117.9499793342226 33.83728344979965 17 7
-118.02399785777143 33.85950925514818 18 7
-118.0334855212015 33.84878181761117 19 7
-117.98156501680596 33.79443446607304 20 7
-118.00205679382314 33.85110069799965 21 7
-118.03060303724656 33.79047929678807 22 7
-118.03325166513257 33.83239207779763 23 7
-118.02053526779993 33.815011065211124 24 7
-118.02406188068485 33.79083658899119 25 7
-118.01425138500562 33.8166470784942 26 7
-118.0103814933843 33.90094891632787 27 7
-118.02743262898468 33.86243767707962 28 7
-118.00213639165928 33.85866523430892 29 7
-118.03467406387536 33.83345692534659 30 7
-118.00989351016716 33.867414609942   31 7
-117.9632365688261 33.826102531729376 32 7
-117.9734237012428 33.7883990156785 33 7
-117.95423272871427 33.85080571161553 34 7
-118.03449878708548 33.82676575532332 35 7
-117.97268208785393 33.809409833186024 36 7
-118.00414514789543 33.894076503375835 37 7
-118.00535289177007 33.84923849546121 38 7
-117.9548958159728 33.870635371790534 39 7
-117.9681511508844 33.900175759764124 40 7
-117.99535168057432 33.79832116864124 41 7
-118.00849645935943 33.80824422276679 42 7
-117.9945313498616 33.86218391746289 43 7
-117.98764506805223 33.903208545997444 44 7
-118.01697856689992 33.81622206382381 45 7
-118.03049970593092 33.823522696986245 46 7
-117.97316945485814 33.867211399336355 47 7
-117.96285175586205 33.827257907399414 48 7
-118.00797119140115 33.86774662764381 49 7
-117.96583542828465 33.87122800798697 50 7
-117.970212737307 33.89074534669449 51 7
-118.04004238988712 33.795164165905305 52 7
-117.97509877954258 33.831573379895595 53 7
-117.95897520348991 33.787297849808645 54 7
-117.99906153480751 33.84971613298214 55 7
-117.94983489496073 33.878105234207766 56 7
-118.02572953828327 33.79460718381273 57 7
-117.96223974212809 33.90259955545336 58 7
-118.0171673552512 33.86878047999916 59 7
-117.97273740273388 33.812693048396326 60 7
-118.0288977422807 33.820094488491286 61 7
-117.95867280867479 33.873174666474604 62 7
-117.98871347206936 33.790208305101736 63 7
-117.97479163460251 33.83827684521342 64 7
-117.99349108284552 33.86298072901666 65 7
-117.99284260160208 33.86963963782337 66 7
-118.03380516738308 33.813499204161694 67 7
-117.99452355452156 33.84829966811765 68 7
-117.98897298191388 33.8981190903255 69 7
-118.01149319858636 33.813177581441515 70 7
-117.98648892504733 33.82357587077433 71 7
-117.98417320952551 33.90156995613236 72 7
-117.97196635400793 33.90295775522312 73 7
-117.96561562668518 33.88020045276352 74 7
-118.02405132072808 33.87671422544376 75 7
-118.03541402748621 33.79355828611667 76 7
-117.96155159073244 33.828309472184685 77 7
-117.98294440462773 33.904852940336184 78 7
-117.98594857113241 33.84847704392784 79 7
-117.99062042360286 33.85868189400671 80 7
-118.01569749184696 33.81348899732021 81 7
-118.01790320103468 33.79434864459375 82 7
-118.00889033763916 33.83376230102123 83 7
-117.9512050874912 33.89646155469085 84 7
-117.9736790124565 33.825089539111296 85 7
-117.97323760659228 33.854766228952286 86 7
-118.038133394125 33.79092691807319 87 7
-118.03200522581528 33.86070086558328 88 7
-118.00544348616974 33.87255250014627 89 7
-117.95698321904278 33.83564680839949 90 7
-117.97661637758695 33.90368586015232 91 7
-118.00634873366309 33.85876682056943 92 7
-117.98613604781012 33.86785448641705 93 7
-117.98118221501059 33.898642594754016 94 7
-117.97455737078451 33.904870939010145 95 7
-117.97173202222332 33.81098479113355 96 7
-117.95187881329979 33.83849813873589 97 7
-117.97051153669588 33.86433247679914 98 7
-117.9664130719154 33.81516867343477 99 7